#                  source year  day       time (hr)   base          u (Ml)          v (Ml)        V.r (Jy)      err.r (Jy)        V.i (Jy)      err.i (Jy)
                      M87 1858  321      0.08333373 AAAP      1.30846115     -2.66515630      0.64700640      0.00025439     -0.00132075      0.00025439
                      M87 1858  321      0.08333373 AAGL  -4561.75919787 -10200.71511040      0.01181283      0.00024487     -0.03881935      0.00024487
                      M87 1858  321      0.08333373 AAPB  -6924.22635520  -7313.71269973     -0.00624269      0.00007074     -0.03651874      0.00007074
                      M87 1858  321      0.08333373 AAPV  -6071.96822187  -6451.92159573     -0.04083386      0.00012312     -0.02244379      0.00012312
                      M87 1858  321      0.08333373 APGL  -4563.06765653 -10198.04987733      0.01177346      0.00154972     -0.03881857      0.00154972
                      M87 1858  321      0.08333373 APPB  -6925.53477973  -7311.04751787     -0.00626285      0.00044768     -0.03650022      0.00044768
                      M87 1858  321      0.08333373 APPV  -6073.27665493  -6449.25640533     -0.04086428      0.00077916     -0.02243773      0.00077916
                      M87 1858  321      0.08333373 GLPB  -2362.46725547   2887.00220587      0.04276124      0.00043092     -0.05701897      0.00043092
                      M87 1858  321      0.08333373 PVGL   1510.20904747  -3748.79338240      0.01253774      0.00074999      0.06767903      0.00074999
                      M87 1858  321      0.08333373 PVPB   -852.25818880   -861.79117867      0.34500926      0.00021666      0.09142362      0.00021666
                      M87 1858  321      0.41666651 AAAP      1.29986445     -2.64082458      0.64700674      0.00025439     -0.00131140      0.00025439
                      M87 1858  321      0.41666651 AAGL  -4354.85144747 -10283.84836267      0.01177661      0.00024487     -0.03751940      0.00024487
                      M87 1858  321      0.41666651 AAPB  -7098.91347627  -7444.37314560     -0.00075397      0.00007074     -0.03824898      0.00007074
                      M87 1858  321      0.41666651 AAPV  -6310.53730133  -6567.27467520     -0.03356175      0.00012312     -0.02553873      0.00012312
                      M87 1858  321      0.41666651 APGL  -4356.15126187 -10281.20755200      0.01173505      0.00154972     -0.03751638      0.00154972
                      M87 1858  321      0.41666651 APPB  -7100.21333333  -7441.73222400     -0.00077186      0.00044768     -0.03822955      0.00044768
                      M87 1858  321      0.41666651 APPV  -6311.83726080  -6564.63379627     -0.03359147      0.00077916     -0.02552762      0.00077916
                      M87 1858  321      0.41666651 GLPB  -2744.06208000   2839.47514880      0.03187948      0.00043092     -0.04901463      0.00043092
                      M87 1858  321      0.41666651 PVGL   1955.68598400  -3716.57358507      0.00824724      0.00074999      0.06172705      0.00074999
                      M87 1858  321      0.41666651 PVPB   -788.37609707   -877.09852373      0.34988976      0.00021666      0.09027399      0.00021666
                      M87 1858  321      0.75000000 AAAP      1.28131573     -2.61674366      0.64700721      0.00025439     -0.00129403      0.00025439
                      M87 1858  321      0.75000000 AAGL  -4114.63731627 -10362.82103467      0.01161896      0.00024487     -0.03588863      0.00024487
                      M87 1858  321      0.75000000 AAPB  -7219.29215147  -7577.79707733      0.00338638      0.00007074     -0.03962547      0.00007074
                      M87 1858  321      0.75000000 AAPV  -6500.82965333  -6686.63720960     -0.02728768      0.00012312     -0.02809049      0.00012312
                      M87 1858  321      0.75000000 APGL  -4115.91866880 -10360.20420267      0.01157515      0.00154972     -0.03588648      0.00154972
                      M87 1858  321      0.75000000 APPB  -7220.57350827  -7575.18044160      0.00337042      0.00044768     -0.03960790      0.00044768
                      M87 1858  321      0.75000000 APPV  -6502.11095040  -6684.02053973     -0.02731774      0.00077916     -0.02807890      0.00077916
                      M87 1858  321      0.75000000 GLPB  -3104.65479680   2785.02367573      0.02251285      0.00043092     -0.04100811      0.00043092
                      M87 1858  321      0.75000000 PVGL   2386.19237547  -3676.18358613      0.00382261      0.00074999      0.05556736      0.00074999
                      M87 1858  321      0.75000000 PVPB   -718.46242667   -891.15993067      0.35287142      0.00021666      0.08935200      0.00021666
                      M87 1858  321      1.08333349 AAAP      1.25295695     -2.59309773      0.64700782      0.00025439     -0.00126879      0.00025439
                      M87 1858  321      1.08333349 AAGL  -3842.95518720 -10437.02872747      0.01158632      0.00024487     -0.03433595      0.00024487
                      M87 1858  321      1.08333349 AAPB  -7284.44140373  -7712.96402773      0.00638563      0.00007074     -0.04071074      0.00007074
                      M87 1858  321      1.08333349 AAPV  -6641.38906453  -6809.09606400     -0.02186063      0.00012312     -0.03031150      0.00012312
                      M87 1858  321      1.08333349 APGL  -3844.20815787 -10434.43556693      0.01154695      0.00154972     -0.03433187      0.00154972
                      M87 1858  321      1.08333349 APPB  -7285.69441280  -7710.37076480      0.00637084      0.00044768     -0.04069523      0.00044768
                      M87 1858  321      1.08333349 APPV  -6642.64201387  -6806.50317653     -0.02188742      0.00077916     -0.03029938      0.00077916
                      M87 1858  321      1.08333349 GLPB  -3441.48614400   2724.06458453      0.01290302      0.00043092     -0.03239673      0.00043092
                      M87 1858  321      1.08333349 PVGL   2798.43387307  -3627.93235200     -0.00216297      0.00074999      0.04912667      0.00074999
                      M87 1858  321      1.08333349 PVPB   -643.05223360   -903.86776747      0.35479917      0.00021666      0.09095968      0.00021666
                      M87 1858  321      1.41666627 AAAP      1.21500512     -2.57006772      0.64700853      0.00025439     -0.00123586      0.00025439
                      M87 1858  321      1.41666627 AAGL  -3541.88400213 -10505.90353067      0.01162378      0.00024487     -0.03232412      0.00024487
                      M87 1858  321      1.41666627 AAPB  -7293.86254507  -7848.83898027      0.00837271      0.00007074     -0.04156258      0.00007074
                      M87 1858  321      1.41666627 AAPV  -6731.13995947  -6933.71423573     -0.01740943      0.00012312     -0.03206878      0.00012312
                      M87 1858  321      1.41666627 APGL  -3543.09902933 -10503.33330773      0.01157939      0.00154972     -0.03231617      0.00154972
                      M87 1858  321      1.41666627 APPB  -7295.07756373  -7846.26887680      0.00835770      0.00044768     -0.04154849      0.00044768
                      M87 1858  321      1.41666627 APPV  -6732.35502080  -6931.14412373     -0.01743414      0.00077916     -0.03205485      0.00077916
                      M87 1858  321      1.41666627 GLPB  -3751.97849173   2657.06429013      0.00330304      0.00043092     -0.02627649      0.00043092
                      M87 1858  321      1.41666627 PVGL   3189.25593600  -3572.18909013     -0.00866764      0.00074999      0.04377707      0.00074999
                      M87 1858  321      1.41666627 PVPB   -562.72255253   -915.12481813      0.35888217      0.00021666      0.09522658      0.00021666
                      M87 1858  321      1.74999976 AAAP      1.16775065     -2.54782990      0.64700935      0.00025439     -0.00119549      0.00025439
                      M87 1858  321      1.74999976 AAAZ   1791.68996907  -7566.99479040     -0.09412989      0.00032100      0.01626203      0.00032100
                      M87 1858  321      1.74999976 AAGL  -3213.72762880 -10568.91825493      0.01136844      0.00024487     -0.03022583      0.00024487
                      M87 1858  321      1.74999976 AAPB  -7247.48357973  -7984.38267733      0.00944867      0.00007074     -0.04229570      0.00007074
                      M87 1858  321      1.74999976 AAPV  -6769.39553280  -7059.53785173     -0.01411477      0.00012312     -0.03343083      0.00012312
                      M87 1858  321      1.74999976 APAZ   1790.52217600  -7564.44696747     -0.09416682      0.00203146      0.01634419      0.00203146
                      M87 1858  321      1.74999976 APGL  -3214.89539840 -10566.37050880      0.01132144      0.00154972     -0.03022289      0.00154972
                      M87 1858  321      1.74999976 APPB  -7248.65133227  -7981.83484587      0.00943312      0.00044768     -0.04228235      0.00044768
                      M87 1858  321      1.74999976 APPV  -6770.56322560  -7056.98989227     -0.01413930      0.00077916     -0.03341569      0.00077916
                      M87 1858  321      1.74999976 GLAZ   5005.41771093   3001.92346027     -0.07915878      0.00195543     -0.03348602      0.00195543
                      M87 1858  321      1.74999976 GLPB  -4033.75592107   2584.53554347     -0.00476755      0.00043092     -0.02195273      0.00043092
                      M87 1858  321      1.74999976 PBAZ   9039.17368320    417.38795413     -0.03262296      0.00056488      0.01553621      0.00056488
                      M87 1858  321      1.74999976 PVAZ   8561.08544853   -507.45697547     -0.04169560      0.00098314      0.01526462      0.00098314
                      M87 1858  321      1.74999976 PVGL   3555.66786560  -3509.38042453     -0.01433482      0.00074999      0.03958520      0.00074999
                      M87 1858  321      1.74999976 PVPB   -478.08808533   -924.84492373      0.36667850      0.00021666      0.09880091      0.00021666
                      M87 1858  321      2.08333325 AAAP      1.11155514     -2.52655446      0.64701026      0.00025439     -0.00114799      0.00025439
                      M87 1858  321      2.08333325 AAAZ   2163.16537813  -7530.18065067     -0.09113822      0.00032100      0.01832050      0.00032100
                      M87 1858  321      2.08333325 AAGL  -2860.99720107 -10625.59110827      0.01143620      0.00024487     -0.02849847      0.00024487
                      M87 1858  321      2.08333325 AAPB  -7145.65928107  -8118.55773867      0.00962398      0.00007074     -0.04296261      0.00007074
                      M87 1858  321      2.08333325 AAPV  -6755.86283520  -7185.60401067     -0.01196809      0.00012312     -0.03447791      0.00012312
                      M87 1858  321      2.08333325 APAZ   2162.05384320  -7527.65412693     -0.09117594      0.00203146      0.01840048      0.00203146
                      M87 1858  321      2.08333325 APGL  -2862.10876160 -10623.06459307      0.01139253      0.00154972     -0.02849582      0.00154972
                      M87 1858  321      2.08333325 APPB  -7146.77093547  -8116.03113813      0.00960820      0.00044768     -0.04295092      0.00044768
                      M87 1858  321      2.08333325 APPV  -6756.97438720  -7183.07744427     -0.01199377      0.00077916     -0.03446187      0.00077916
                      M87 1858  321      2.08333325 GLAZ   5024.16258560   3095.41036800     -0.08058623      0.00195543     -0.03147273      0.00195543
                      M87 1858  321      2.08333325 GLPB  -4284.66219093   2507.03328427     -0.01052153      0.00043092     -0.01893903      0.00043092
                      M87 1858  321      2.08333325 PBAZ   9308.82479787    588.37710720     -0.02672885      0.00056488      0.01590775      0.00056488
                      M87 1858  321      2.08333325 PVAZ   8919.02830933   -344.57660267     -0.03566869      0.00098314      0.01668741      0.00098314
                      M87 1858  321      2.08333325 PVGL   3894.86569813  -3439.98699520     -0.01842364      0.00074999      0.03628611      0.00074999
                      M87 1858  321      2.08333325 PVPB   -389.79649333   -932.95368960      0.37531548      0.00021666      0.09836223      0.00021666
                      M87 1858  321      2.41666675 AAAP      1.04684863     -2.50640417      0.64701123      0.00025439     -0.00109373      0.00025439
                      M87 1858  321      2.41666675 AAAZ   2518.07505920  -7486.59060053     -0.08761380      0.00032100      0.01971179      0.00032100
                      M87 1858  321      2.41666675 AAGL  -2486.39190187 -10675.48813653      0.01157562      0.00024487     -0.02724879      0.00024487
                      M87 1858  321      2.41666675 AAPB  -6989.16909227  -8250.33751893      0.00894402      0.00007074     -0.04343552      0.00007074
                      M87 1858  321      2.41666675 AAPV  -6690.64573440  -7310.94835200     -0.01087205      0.00012312     -0.03524950      0.00012312
                      M87 1858  321      2.41666675 APAZ   2517.02818133  -7484.08406187     -0.08765206      0.00203146      0.01978849      0.00203146
                      M87 1858  321      2.41666675 APGL  -2487.43877120 -10672.98165760      0.01153399      0.00154972     -0.02724317      0.00154972
                      M87 1858  321      2.41666675 APPB  -6990.21585920  -8247.83094613      0.00892619      0.00044768     -0.04342588      0.00044768
                      M87 1858  321      2.41666675 APPV  -6691.69250987  -7308.44191573     -0.01089898      0.00077916     -0.03523161      0.00077916
                      M87 1858  321      2.41666675 GLAZ   5004.46698667   3188.89747627     -0.08176486      0.00195543     -0.03029729      0.00195543
                      M87 1858  321      2.41666675 GLPB  -4502.77719040   2425.15060480     -0.01460570      0.00043092     -0.01584133      0.00043092
                      M87 1858  321      2.41666675 PBAZ   9507.24413440    763.74683947     -0.02176018      0.00056488      0.01538151      0.00056488
                      M87 1858  321      2.41666675 PVAZ   9208.72077653   -175.64225747     -0.02922493      0.00098314      0.01684121      0.00098314
                      M87 1858  321      2.41666675 PVGL   4204.25376000  -3364.53975467     -0.02130580      0.00074999      0.03253472      0.00074999
                      M87 1858  321      2.41666675 PVPB   -298.52340853   -939.38912320      0.37989262      0.00021666      0.09540114      0.00021666
                      M87 1858  321      2.75000024 AAAP      0.97412623     -2.48753321      0.64701225      0.00025439     -0.00103312      0.00025439
                      M87 1858  321      2.75000024 AAAZ   2853.70304000  -7436.55816533     -0.08374642      0.00032100      0.02049113      0.00032100
                      M87 1858  321      2.75000024 AAGL  -2092.77831040 -10718.22759253      0.01142178      0.00024487     -0.02638440      0.00024487
                      M87 1858  321      2.75000024 AAPB  -6779.21026560  -8378.71327573      0.00750037      0.00007074     -0.04369877      0.00007074
                      M87 1858  321      2.75000024 AAPV  -6574.24300373  -7434.61141333     -0.01083033      0.00012312     -0.03580427      0.00012312
                      M87 1858  321      2.75000024 APAZ   2852.72893867  -7434.07055360     -0.08378527      0.00203146      0.02056686      0.00203146
                      M87 1858  321      2.75000024 APGL  -2093.75246720 -10715.73990400      0.01137707      0.00154972     -0.02637785      0.00154972
                      M87 1858  321      2.75000024 APPB  -6780.18447360  -8376.22565547      0.00748012      0.00044768     -0.04369008      0.00044768
                      M87 1858  321      2.75000024 APPV  -6575.21716053  -7432.12374187     -0.01085642      0.00077916     -0.03578474      0.00077916
                      M87 1858  321      2.75000024 GLAZ   4946.48150187   3281.66934187     -0.08275686      0.00195543     -0.02997577      0.00195543
                      M87 1858  321      2.75000024 GLPB  -4686.43203413   2339.51420587     -0.01808482      0.00043092     -0.01292102      0.00043092
                      M87 1858  321      2.75000024 PBAZ   9632.91339093    942.15519360     -0.01852832      0.00056488      0.01499448      0.00056488
                      M87 1858  321      2.75000024 PVAZ   9427.94606933     -1.94668655     -0.02488022      0.00098314      0.01660585      0.00098314
                      M87 1858  321      2.75000024 PVGL   4481.46467840  -3283.61607253     -0.02399072      0.00074999      0.02881857      0.00074999
                      M87 1858  321      2.75000024 PVPB   -204.96727760   -944.10188267      0.38030547      0.00021666      0.09551059      0.00021666
                      M87 1858  321      3.08333373 AAAP      0.89394452     -2.47008605      0.64701329      0.00025439     -0.00096662      0.00025439
                      M87 1858  321      3.08333373 AAAZ   3167.48116053  -7380.46605653     -0.08016450      0.00032100      0.02057852      0.00032100
                      M87 1858  321      3.08333373 AAGL  -1683.16860373 -10753.48235947      0.01128247      0.00024487     -0.02650750      0.00024487
                      M87 1858  321      3.08333373 AAPB  -6517.38956800  -8502.70296747      0.00519368      0.00007074     -0.04347734      0.00007074
                      M87 1858  321      3.08333373 AAPV  -6407.54548907  -7555.64691627     -0.01193055      0.00012312     -0.03592409      0.00012312
                      M87 1858  321      3.08333373 APAZ   3166.58717867  -7377.99586987     -0.08020306      0.00203146      0.02065072      0.00203146
                      M87 1858  321      3.08333373 APGL  -1684.06253653 -10751.01218133      0.01123554      0.00154972     -0.02650052      0.00154972
                      M87 1858  321      3.08333373 APPB  -6518.28352000  -8500.23293440      0.00516926      0.00044768     -0.04347075      0.00044768
                      M87 1858  321      3.08333373 APPV  -6408.43950933  -7553.17685760     -0.01195712      0.00077916     -0.03590601      0.00077916
                      M87 1858  321      3.08333373 GLAZ   4850.64975360   3373.01612800     -0.08358361      0.00195543     -0.03042676      0.00195543
                      M87 1858  321      3.08333373 GLPB  -4834.22103040   2250.77925120     -0.02082236      0.00043092     -0.01057595      0.00043092
                      M87 1858  321      3.08333373 PBAZ   9684.87080960   1122.23693227     -0.01665107      0.00056488      0.01477213      0.00056488
                      M87 1858  321      3.08333373 PVAZ   9575.02679040    175.18094240     -0.02129246      0.00098314      0.01641398      0.00098314
                      M87 1858  321      3.08333373 PVGL   4724.37701120  -3197.83521280     -0.02654360      0.00074999      0.02562961      0.00074999
                      M87 1858  321      3.08333373 PVPB   -109.84402253   -947.05597653      0.38275732      0.00021666      0.10052763      0.00021666
                      M87 1858  321      3.41666651 AAAP      0.80691700     -2.45419613      0.64701434      0.00025439     -0.00089475      0.00025439
                      M87 1858  321      3.41666651 AAAZ   3457.00814080  -7318.74362027     -0.07708071      0.00032100      0.02054461      0.00032100
                      M87 1858  321      3.41666651 AAGL  -1260.69710933 -10780.98249387      0.01055827      0.00024487     -0.02728758      0.00024487
                      M87 1858  321      3.41666651 AAPB  -6205.71060907  -8621.35773867      0.00237277      0.00007074     -0.04268432      0.00007074
                      M87 1858  321      3.41666651 AAPV  -6191.82905173  -7673.12886613     -0.01375684      0.00012312     -0.03529826      0.00012312
                      M87 1858  321      3.41666651 APAZ   3456.20119467  -7316.28951040     -0.07711693      0.00203146      0.02061626      0.00203146
                      M87 1858  321      3.41666651 APGL  -1261.50404480 -10778.52835840      0.01050652      0.00154972     -0.02728570      0.00154972
                      M87 1858  321      3.41666651 APPB  -6206.51769173  -8618.90358613      0.00234435      0.00044768     -0.04267641      0.00044768
                      M87 1858  321      3.41666651 APPV  -6192.63605760  -7670.67470507     -0.01378712      0.00077916     -0.03528000      0.00077916
                      M87 1858  321      3.41666651 GLAZ   4717.70528427   3462.23880960     -0.08432090      0.00195543     -0.03155833      0.00195543
                      M87 1858  321      3.41666651 GLPB  -4945.01353813   2159.62482773     -0.02266949      0.00043092     -0.00858059      0.00043092
                      M87 1858  321      3.41666651 PBAZ   9662.71877120   1302.61400747     -0.01633275      0.00056488      0.01472830      0.00056488
                      M87 1858  321      3.41666651 PVAZ   9648.83713707    354.38519307     -0.01948476      0.00098314      0.01600200      0.00098314
                      M87 1858  321      3.41666651 PVGL   4931.13199787  -3107.85358507     -0.02895006      0.00074999      0.02276101      0.00074999
                      M87 1858  321      3.41666651 PVPB    -13.88155589   -948.22879787      0.39163164      0.00021666      0.10456515      0.00021666
                      M87 1858  321      3.75000000 AAAP      0.71370966     -2.43998517      0.64701538      0.00025439     -0.00081804      0.00025439
                      M87 1858  321      3.75000000 AAAZ   3720.06846720  -7251.86338987     -0.07438396      0.00032100      0.02079487      0.00032100
                      M87 1858  321      3.75000000 AAGL   -828.59677867 -10800.51783680      0.00982865      0.00024487     -0.02833894      0.00024487
                      M87 1858  321      3.75000000 AAPB  -5846.55836160  -8733.76936960     -0.00101935      0.00007074     -0.04103534      0.00007074
                      M87 1858  321      3.75000000 AAPV  -5928.74411520  -7786.15802880     -0.01621709      0.00012312     -0.03431864      0.00012312
                      M87 1858  321      3.75000000 APAZ   3719.35473067  -7249.42337707     -0.07441926      0.00203146      0.02086217      0.00203146
                      M87 1858  321      3.75000000 APGL   -829.31048640 -10798.07766187      0.00977275      0.00154972     -0.02834017      0.00154972
                      M87 1858  321      3.75000000 APPB  -5847.27216640  -8731.32955307     -0.00105323      0.00044768     -0.04102595      0.00044768
                      M87 1858  321      3.75000000 APPV  -5929.45783467  -7783.71802453     -0.01624743      0.00077916     -0.03429963      0.00077916
                      M87 1858  321      3.75000000 GLAZ   4548.66532693   3548.65455787     -0.08509994      0.00195543     -0.03370265      0.00195543
                      M87 1858  321      3.75000000 GLPB  -5017.96156587   2066.74847573     -0.02374577      0.00043092     -0.00682950      0.00043092
                      M87 1858  321      3.75000000 PBAZ   9566.62691840   1481.90606080     -0.01779459      0.00056488      0.01474463      0.00056488
                      M87 1858  321      3.75000000 PVAZ   9648.81268053    534.29473973     -0.01938346      0.00098314      0.01567684      0.00098314
                      M87 1858  321      3.75000000 PVGL   5100.14744747  -3014.35980800     -0.03093582      0.00074999      0.02041870      0.00074999
                      M87 1858  321      3.75000000 PVPB     82.18578847   -947.61133013      0.40288637      0.00021666      0.10090972      0.00021666
                      M87 1858  321      4.08333349 AAAP      0.61503576     -2.42756174      0.64701637      0.00025439     -0.00073710      0.00025439
                      M87 1858  321      4.08333349 AAAZ   3954.64920320  -7180.33672533     -0.07183189      0.00032100      0.02090155      0.00032100
                      M87 1858  321      4.08333349 AAGL   -390.17415147 -10811.93879893      0.00930274      0.00024487     -0.02974885      0.00024487
                      M87 1858  321      4.08333349 AAPB  -5442.68120747  -8839.07809280     -0.00471452      0.00007074     -0.03857986      0.00007074
                      M87 1858  321      4.08333349 AAPV  -5620.30401707  -7893.86956800     -0.01932118      0.00012312     -0.03244357      0.00012312
                      M87 1858  321      4.08333349 APAZ   3954.03416320  -7177.90924800     -0.07186519      0.00203146      0.02096762      0.00203146
                      M87 1858  321      4.08333349 APGL   -390.78918773 -10809.51147520      0.00924446      0.00154972     -0.02975259      0.00154972
                      M87 1858  321      4.08333349 APPB  -5443.29622187  -8836.65032533     -0.00475112      0.00044768     -0.03856924      0.00044768
                      M87 1858  321      4.08333349 APPV  -5620.91909973  -7891.44203093     -0.01935606      0.00077916     -0.03242531      0.00077916
                      M87 1858  321      4.08333349 GLAZ   4344.82342400   3631.60216747     -0.08516180      0.00195543     -0.03706519      0.00195543
                      M87 1858  321      4.08333349 GLPB  -5052.50708480   1972.86094507     -0.02406470      0.00043092     -0.00532159      0.00043092
                      M87 1858  321      4.08333349 PBAZ   9397.33036373   1658.74120107     -0.02075769      0.00056488      0.01477804      0.00056488
                      M87 1858  321      4.08333349 PVAZ   9574.95338667    713.53285760     -0.02052556      0.00098314      0.01528863      0.00098314
                      M87 1858  321      4.08333349 PVGL   5230.12986027  -2918.06934187     -0.03230599      0.00074999      0.01831084      0.00074999
                      M87 1858  321      4.08333349 PVPB    177.62287333   -945.20833493      0.40869838      0.00021666      0.09032728      0.00021666
                      M87 1858  321      4.41666627 AAAP      0.51165036     -2.41702102      0.64701732      0.00025439     -0.00065254      0.00025439
                      M87 1858  321      4.41666627 AAAZ   4158.95514027  -7104.71131307     -0.06989491      0.00032100      0.02105965      0.00032100
                      M87 1858  321      4.41666627 AAGL     51.21582178 -10815.15822080      0.00854091      0.00024487     -0.03155062      0.00024487
                      M87 1858  321      4.41666627 AAPB  -4997.16965547  -8936.47764480     -0.00835541      0.00007074     -0.03540536      0.00007074
                      M87 1858  321      4.41666627 AAPV  -5268.86894933  -7995.43932587     -0.02264010      0.00012312     -0.03007246      0.00012312
                      M87 1858  321      4.41666627 APAZ   4158.44350293  -7102.29434027     -0.06992656      0.00203146      0.02112341      0.00203146
                      M87 1858  321      4.41666627 APGL     50.70417193 -10812.74129067      0.00847761      0.00154972     -0.03155853      0.00154972
                      M87 1858  321      4.41666627 APPB  -4997.68127147  -8934.06044160     -0.00839538      0.00044768     -0.03539368      0.00044768
                      M87 1858  321      4.41666627 APPV  -5269.38061653  -7993.02220800     -0.02267798      0.00077916     -0.03005266      0.00077916
                      M87 1858  321      4.41666627 GLAZ   4107.73935787   3710.44682667     -0.08482071      0.00195543     -0.04121710      0.00195543
                      M87 1858  321      4.41666627 GLPB  -5048.38543360   1878.68065920     -0.02356058      0.00043092     -0.00401331      0.00043092
                      M87 1858  321      4.41666627 PBAZ   9156.12482560   1831.76616747     -0.02526714      0.00056488      0.01486261      0.00056488
                      M87 1858  321      4.41666627 PVAZ   9427.82428160    890.72797547     -0.02331287      0.00098314      0.01544163      0.00098314
                      M87 1858  321      4.41666627 PVGL   5320.08487253  -2819.71884373     -0.03317481      0.00074999      0.01637846      0.00074999
                      M87 1858  321      4.41666627 PVPB    271.69939120   -941.03818453      0.40645423      0.00021666      0.07947061      0.00021666
                      M87 1858  321      4.74999976 AAAP      0.40434460     -2.40844364      0.64701819      0.00025439     -0.00056500      0.00025439
                      M87 1858  321      4.74999976 AAAZ   4331.42307413  -7025.56580693     -0.06835067      0.00032100      0.02145225      0.00032100
                      M87 1858  321      4.74999976 AAGL    492.19548960 -10810.15096320      0.00704684      0.00024487     -0.03324859      0.00024487
                      M87 1858  321      4.74999976 AAPB  -4513.43298560  -9025.22291200     -0.01218059      0.00007074     -0.03152685      0.00007074
                      M87 1858  321      4.74999976 AAPV  -4877.12840533  -8090.08985600     -0.02619458      0.00012312     -0.02698208      0.00012312
                      M87 1858  321      4.74999976 APAZ   4331.01877333  -7023.15729067     -0.06838011      0.00203146      0.02151566      0.00203146
                      M87 1858  321      4.74999976 APGL    491.79114507 -10807.74278827      0.00697954      0.00154972     -0.03325789      0.00154972
                      M87 1858  321      4.74999976 APPB  -4513.83736320  -9022.81437867     -0.01222447      0.00044768     -0.03151422      0.00044768
                      M87 1858  321      4.74999976 APPV  -4877.53276587  -8087.68143360     -0.02623741      0.00077916     -0.02696059      0.00077916
                      M87 1858  321      4.74999976 GLAZ   3839.22751147   3784.58524587     -0.08259729      0.00195543     -0.04721080      0.00195543
                      M87 1858  321      4.74999976 GLPB  -5005.62848427   1784.92830507     -0.02208809      0.00043092     -0.00283076      0.00043092
                      M87 1858  321      4.74999976 PBAZ   8844.85604693   1999.65690880     -0.03128950      0.00056488      0.01471888      0.00056488
                      M87 1858  321      4.74999976 PVAZ   9208.55144107   1064.52412053     -0.02772066      0.00098314      0.01512069      0.00098314
                      M87 1858  321      4.74999976 PVGL   5369.32385280  -2720.06115840     -0.03348777      0.00074999      0.01461511      0.00074999
                      M87 1858  321      4.74999976 PVPB    363.69542347   -935.13279360      0.40010250      0.00021666      0.07294914      0.00021666
                      M87 1858  321      5.08333325 AAAP      0.29393964     -2.40189523      0.64701898      0.00025439     -0.00047516      0.00025439
                      M87 1858  321      5.08333325 AAAZ   4470.73296213  -6943.50568960     -0.06722256      0.00032100      0.02209645      0.00032100
                      M87 1858  321      5.08333325 AAGL    929.39034347 -10796.95578453      0.00561669      0.00024487     -0.03436887      0.00024487
                      M87 1858  321      5.08333325 AAJC   7955.35259307  -6306.44645547     -0.01532488      0.00022400     -0.01044071      0.00022400
                      M87 1858  321      5.08333325 AAPB  -3995.17283840  -9104.63450453     -0.01555517      0.00007074     -0.02756248      0.00007074
                      M87 1858  321      5.08333325 AAPV  -4448.07987200  -8177.09700267     -0.02984389      0.00012312     -0.02384169      0.00012312
                      M87 1858  321      5.08333325 AASM   7955.30240000  -6306.62361600     -0.01532335      0.00018904     -0.01044187      0.00018904
                      M87 1858  321      5.08333325 APAZ   4470.43900587  -6941.10389760     -0.06724779      0.00203146      0.02215887      0.00203146
                      M87 1858  321      5.08333325 APGL    929.09639893 -10794.55394133      0.00554703      0.00154972     -0.03437808      0.00154972
                      M87 1858  321      5.08333325 APJC   7955.05867093  -6304.04468053     -0.01536300      0.00141759     -0.01041605      0.00141759
                      M87 1858  321      5.08333325 APPB  -3995.46678613  -9102.23269547     -0.01560412      0.00044768     -0.02754989      0.00044768
                      M87 1858  321      5.08333325 APPV  -4448.37381120  -8174.69515093     -0.02988934      0.00077916     -0.02381995      0.00077916
                      M87 1858  321      5.08333325 APSM   7955.00846080  -6304.22167893     -0.01536148      0.00119636     -0.01041721      0.00119636
                      M87 1858  321      5.08333325 AZJC   3484.61979733    637.05920107      0.05999860      0.00178871     -0.03734453      0.00178871
                      M87 1858  321      5.08333325 AZSM   3484.56945920    636.88213760      0.06000987      0.00150957     -0.03733877      0.00150957
                      M87 1858  321      5.08333325 GLAZ   3541.34253653   3853.45006507     -0.07862280      0.00195543     -0.05253714      0.00195543
                      M87 1858  321      5.08333325 GLJC   7025.96241920   4490.50938027     -0.05234861      0.00136453      0.01865199      0.00136453
                      M87 1858  321      5.08333325 GLPB  -4924.56323413   1692.32132267     -0.01935572      0.00043092     -0.00171658      0.00043092
                      M87 1858  321      5.08333325 GLSM   7025.91195307   4490.33224533     -0.05235178      0.00115159      0.01865072      0.00115159
                      M87 1858  321      5.08333325 JCSM     -0.05029904     -0.17706288      0.64702755      0.00105340      0.00002311      0.00105340
                      M87 1858  321      5.08333325 PBAZ   8465.90568960   2161.12874880     -0.03782534      0.00056488      0.01423486      0.00056488
                      M87 1858  321      5.08333325 PBJC  11950.52537173   2798.18786560      0.02272707      0.00039418      0.00877022      0.00039418
                      M87 1858  321      5.08333325 PBSM  11950.47543467   2798.01088853      0.02272679      0.00033267      0.00877081      0.00033267
                      M87 1858  321      5.08333325 PVAZ   8918.81292800   1233.59138347     -0.03326045      0.00098314      0.01449005      0.00098314
                      M87 1858  321      5.08333325 PVGL   5377.47022507  -2619.85874773     -0.03317694      0.00074999      0.01299490      0.00074999
                      M87 1858  321      5.08333325 PVJC  12403.43248213   1870.65054507      0.02233389      0.00068605      0.00841448      0.00068605
                      M87 1858  321      5.08333325 PVPB    452.90699840   -927.53735040      0.39427801      0.00021666      0.06993776      0.00021666
                      M87 1858  321      5.08333325 PVSM  12403.38223787   1870.47348693      0.02233382      0.00057899      0.00841505      0.00057899
                      M87 1858  321      5.41666675 AAAP      0.18128031     -2.39742592      0.64701967      0.00025439     -0.00038371      0.00025439
                      M87 1858  321      5.41666675 AAAZ   4575.81892267  -6859.15916800     -0.06648640      0.00032100      0.02308880      0.00032100
                      M87 1858  321      5.41666675 AAGL   1359.45482240 -10775.67344640      0.00462168      0.00024487     -0.03532075      0.00024487
                      M87 1858  321      5.41666675 AAJC   8374.69594453  -6154.27660800     -0.01000087      0.00022400     -0.01265130      0.00022400
                      M87 1858  321      5.41666675 AAPB  -3567.92969600  -9160.03059200     -0.01808313      0.00019372     -0.02515936      0.00019372
                      M87 1858  321      5.41666675 AAPV  -3985.00659200  -8255.79496960     -0.03395435      0.00012312     -0.02098583      0.00012312
                      M87 1858  321      5.41666675 AASM   8374.65241600  -6154.45451947     -0.00999943      0.00018904     -0.01265241      0.00018904
                      M87 1858  321      5.41666675 APAZ   4575.63758080  -6856.76165973     -0.06650718      0.00203146      0.02314943      0.00203146
                      M87 1858  321      5.41666675 APGL   1359.27352320 -10773.27610880      0.00455047      0.00154972     -0.03532870      0.00154972
                      M87 1858  321      5.41666675 APJC   8374.51467093  -6151.87923627     -0.01003312      0.00141759     -0.01263031      0.00141759
                      M87 1858  321      5.41666675 APPB  -3568.13555200  -9157.63225600     -0.01813847      0.00122601     -0.02514621      0.00122601
                      M87 1858  321      5.41666675 APPV  -3985.18788693  -8253.39753813     -0.03400558      0.00077916     -0.02096264      0.00077916
                      M87 1858  321      5.41666675 APSM   8374.47121067  -6152.05716480     -0.01003168      0.00119636     -0.01263142      0.00119636
                      M87 1858  321      5.41666675 AZJC   3798.87710720    704.88245867      0.03218223      0.00178871     -0.03933130      0.00178871
                      M87 1858  321      5.41666675 AZSM   3798.83354453    704.70450347      0.03219178      0.00150957     -0.03932637      0.00150957
                      M87 1858  321      5.41666675 GLAZ   3216.36405760   3916.51430827     -0.07296776      0.00195543     -0.05847556      0.00195543
                      M87 1858  321      5.41666675 GLJC   7015.24111360   4621.39687253     -0.05108888      0.00136453      0.01934088      0.00136453
                      M87 1858  321      5.41666675 GLPB  -4835.07532800   1621.01436800     -0.01613748      0.00118012     -0.00090648      0.00118012
                      M87 1858  321      5.41666675 GLSM   7015.19759360   4621.21896107     -0.05109201      0.00115159      0.01933962      0.00115159
                      M87 1858  321      5.41666675 JCSM     -0.04351274     -0.17793835      0.64702755      0.00105340      0.00001754      0.00105340
                      M87 1858  321      5.41666675 PBAZ   8124.28569600   2282.41670400     -0.04356746      0.00154698      0.01379107      0.00154698
                      M87 1858  321      5.41666675 PBJC  11857.75436800   2972.05222400      0.02277653      0.00107951      0.00879778      0.00107951
                      M87 1858  321      5.41666675 PBSM  11857.70918400   2971.87446400      0.02277623      0.00091104      0.00879833      0.00091104
                      M87 1858  321      5.41666675 PVAZ   8560.82545493   1396.63596373     -0.03928002      0.00098314      0.01352646      0.00098314
                      M87 1858  321      5.41666675 PVGL   5344.46144000  -2519.87841707     -0.03215080      0.00074999      0.01153603      0.00074999
                      M87 1858  321      5.41666675 PVJC  12359.70251093   2101.51842133      0.02243475      0.00068605      0.00822745      0.00068605
                      M87 1858  321      5.41666675 PVPB    520.44205200   -920.46050400      0.39093572      0.00059334      0.06804670      0.00059334
                      M87 1858  321      5.41666675 PVSM  12359.65900800   2101.34045227      0.02243470      0.00057899      0.00822801      0.00057899
                      M87 1858  321      5.75000024 AAAP      0.06722871     -2.39506995      0.64702027      0.00025439     -0.00029134      0.00025439
                      M87 1858  321      5.75000024 AAAZ   4645.87679573  -6773.17138773     -0.06611607      0.00032100      0.02443839      0.00032100
                      M87 1858  321      5.75000024 AAGL   1779.09793707 -10746.46679893      0.00402281      0.00024487     -0.03620583      0.00024487
                      M87 1858  321      5.75000024 AAJC   8729.94392747  -5994.87014400     -0.00603694      0.00022400     -0.01386988      0.00022400
                      M87 1858  321      5.75000024 AAPV  -3491.45232640  -8325.58145707     -0.03892561      0.00012312     -0.01856473      0.00012312
                      M87 1858  321      5.75000024 AASM   8729.90733653  -5995.04879787     -0.00603559      0.00018904     -0.01387097      0.00018904
                      M87 1858  321      5.75000024 APAZ   4645.80951893  -6770.77626027     -0.06613222      0.00203146      0.02449724      0.00203146
                      M87 1858  321      5.75000024 APGL   1779.03070720 -10744.07181653      0.00395181      0.00154972     -0.03621162      0.00154972
                      M87 1858  321      5.75000024 APJC   8729.87653120  -5992.47500800     -0.00606397      0.00141759     -0.01385181      0.00141759
                      M87 1858  321      5.75000024 APPV  -3491.51950933  -8323.18641493     -0.03898364      0.00077916     -0.01854054      0.00077916
                      M87 1858  321      5.75000024 APSM   8729.84019627  -5992.65370453     -0.00606262      0.00119636     -0.01385290      0.00119636
                      M87 1858  321      5.75000024 AZJC   4084.06699947    778.30122240      0.01164559      0.00178871     -0.04018929      0.00178871
                      M87 1858  321      5.75000024 AZSM   4084.03063893    778.12251733      0.01165392      0.00150957     -0.04018535      0.00150957
                      M87 1858  321      5.75000024 GLAZ   2866.77870507   3973.29543680     -0.06618576      0.00195543     -0.06246969      0.00195543
                      M87 1858  321      5.75000024 GLJC   6950.84583253   4751.59663787     -0.05105150      0.00136453      0.01968704      0.00136453
                      M87 1858  321      5.75000024 GLSM   6950.80936960   4751.41801813     -0.05105459      0.00115159      0.01968582      0.00115159
                      M87 1858  321      5.75000024 JCSM     -0.03639377     -0.17868425      0.64702755      0.00105340      0.00001172      0.00105340
                      M87 1858  321      5.75000024 PVAZ   8137.32908373   1552.41023360     -0.04559237      0.00098314      0.01248838      0.00098314
                      M87 1858  321      5.75000024 PVGL   5270.55026347  -2420.88524800     -0.03027232      0.00074999      0.01034379      0.00074999
                      M87 1858  321      5.75000024 PVJC  12221.39603627   2330.71148373      0.02256402      0.00068605      0.00846711      0.00068605
                      M87 1858  321      5.75000024 PVSM  12221.35970133   2330.53274453      0.02256392      0.00057899      0.00846764      0.00057899
                      M87 1858  321      6.08333373 AAAP     -0.04734238     -2.39484526      0.64702074      0.00025439     -0.00019875      0.00025439
                      M87 1858  321      6.08333373 AAAZ   4680.37038080  -6686.20049920     -0.06612377      0.00032100      0.02615512      0.00032100
                      M87 1858  321      6.08333373 AAGL   2185.10851200 -10709.55948373      0.00366995      0.00024487     -0.03670088      0.00024487
                      M87 1858  321      6.08333373 AAJC   9018.37754027  -5829.44683520     -0.00319298      0.00022400     -0.01438413      0.00022400
                      M87 1858  321      6.08333373 AASM   9018.34862933  -5829.62606933     -0.00319171      0.00018904     -0.01438523      0.00018904
                      M87 1858  321      6.08333373 APAZ   4680.41770667  -6683.80563627     -0.06613496      0.00203146      0.02621225      0.00203146
                      M87 1858  321      6.08333373 APGL   2185.15584427 -10707.16468907      0.00359989      0.00154972     -0.03670517      0.00154972
                      M87 1858  321      6.08333373 APJC   9018.42481493  -5827.05204907     -0.00321511      0.00141759     -0.01436756      0.00141759
                      M87 1858  321      6.08333373 APSM   9018.39575040  -5827.23139413     -0.00321383      0.00119636     -0.01436866      0.00119636
                      M87 1858  321      6.08333373 AZJC   4338.00718080    856.75363840     -0.00520298      0.00178871     -0.04166146      0.00178871
                      M87 1858  321      6.08333373 AZSM   4337.97821013    856.57433067     -0.00519625      0.00150957     -0.04165814      0.00150957
                      M87 1858  321      6.08333373 GLAZ   2495.26182400   4023.35893333     -0.05685217      0.00195543     -0.06698476      0.00195543
                      M87 1858  321      6.08333373 GLJC   6833.26893227   4880.11262293     -0.05207114      0.00136453      0.01955521      0.00136453
                      M87 1858  321      6.08333373 GLSM   6833.23994453   4879.93322667     -0.05207427      0.00115159      0.01955396      0.00115159
                      M87 1858  321      6.08333373 JCSM     -0.02899660     -0.17929488      0.64702755      0.00105340      0.00000568      0.00105340
                      M87 1858  321      6.41666651 AAAP     -0.16155625     -2.39675360      0.64702111      0.00025439     -0.00010667      0.00025439
                      M87 1858  321      6.41666651 AAAZ   4679.03578453  -6598.91194880     -0.06650982      0.00032100      0.02826837      0.00032100
                      M87 1858  321      6.41666651 AAGL   2574.37950720 -10665.23380053      0.00365352      0.00024487     -0.03668677      0.00024487
                      M87 1858  321      6.41666651 AAJC   9237.78990080  -5659.27269547     -0.00152767      0.00022400     -0.01431047      0.00022400
                      M87 1858  321      6.41666651 AASM   9237.76853333  -5659.45236480     -0.00152641      0.00018904     -0.01431157      0.00018904
                      M87 1858  321      6.41666651 APAZ   4679.19732053  -6596.51520000     -0.06651573      0.00203146      0.02832377      0.00203146
                      M87 1858  321      6.41666651 APGL   2574.54112000 -10662.83688960      0.00358537      0.00154972     -0.03668902      0.00154972
                      M87 1858  321      6.41666651 APJC   9237.95147093  -5656.87592960     -0.00154623      0.00141759     -0.01429515      0.00141759
                      M87 1858  321      6.41666651 APSM   9237.93015467  -5657.05570987     -0.00154497      0.00119636     -0.01429626      0.00119636
                      M87 1858  321      6.41666651 AZJC   4558.75412480    939.63934187     -0.01770912      0.00178871     -0.04234563      0.00178871
                      M87 1858  321      6.41666651 AZSM   4558.73277440    939.45958080     -0.01770295      0.00150957     -0.04234320      0.00150957
                      M87 1858  321      6.41666651 GLAZ   2104.65623467   4066.32163840     -0.04700806      0.00195543     -0.06559101      0.00195543
                      M87 1858  321      6.41666651 GLJC   6663.41026987   5005.96102827     -0.05417014      0.00136453      0.01914597      0.00136453
                      M87 1858  321      6.41666651 GLSM   6663.38897067   5005.78129067     -0.05417311      0.00115159      0.01914465      0.00115159
                      M87 1858  321      6.41666651 JCSM     -0.02137785     -0.17976558      0.64702755      0.00105340     -0.00000052      0.00105340
                      M87 1858  321      6.75000000 AAAP     -0.27453888     -2.40078039      0.64702136      0.00025439     -0.00001579      0.00025439
                      M87 1858  321      6.75000000 AAAZ   4641.88322987  -6511.97398187     -0.06724966      0.00032100      0.03079508      0.00032100
                      M87 1858  321      6.75000000 AAGL   2943.93218560 -10613.82893227      0.00396245      0.00024487     -0.03640291      0.00024487
                      M87 1858  321      6.75000000 AAJC   9386.50226347  -5485.64987733     -0.00086106      0.00022400     -0.01376909      0.00022400
                      M87 1858  321      6.75000000 AASM   9386.48855893  -5485.82990507     -0.00085976      0.00018904     -0.01377027      0.00018904
                      M87 1858  321      6.75000000 APAZ   4642.15778133  -6509.57301760     -0.06724993      0.00203146      0.03084871      0.00203146
                      M87 1858  321      6.75000000 APGL   2944.20674133 -10611.42799360      0.00389626      0.00154972     -0.03640324      0.00154972
                      M87 1858  321      6.75000000 APJC   9386.77678080  -5483.24909227     -0.00087701      0.00141759     -0.01375379      0.00141759
                      M87 1858  321      6.75000000 APSM   9386.76290560  -5483.42903467     -0.00087571      0.00119636     -0.01375496      0.00119636
                      M87 1858  321      6.75000000 AZJC   4744.61896533   1026.32413653     -0.02812674      0.00178871     -0.04254731      0.00178871
                      M87 1858  321      6.75000000 AZSM   4744.60532907   1026.14402667     -0.02812153      0.00150957     -0.04254541      0.00150957
                      M87 1858  321      6.75000000 GLAZ   1697.95101440   4101.85483520     -0.04123724      0.00195543     -0.06530927      0.00195543
                      M87 1858  321      6.75000000 GLJC   6442.56997547   5128.17902080     -0.05745494      0.00136453      0.01780249      0.00136453
                      M87 1858  321      6.75000000 GLSM   6442.55644160   5127.99890773     -0.05745795      0.00115159      0.01780127      0.00115159
                      M87 1858  321      6.75000000 JCSM     -0.01359581     -0.18009273      0.64702755      0.00105340     -0.00000684      0.00105340
                      M87 1858  321      7.08333349 AAAP     -0.38542569     -2.40689478      0.64702150      0.00025439      0.00007319      0.00025439
                      M87 1858  321      7.08333349 AAAZ   4569.19703893  -6426.05152427     -0.06831020      0.00032100      0.03370311      0.00032100
                      M87 1858  321      7.08333349 AAGL   3290.93861973 -10555.73828267      0.00403501      0.00024487     -0.03581777      0.00024487
                      M87 1858  321      7.08333349 AAJC   9463.37621333  -5309.90693547     -0.00118477      0.00022400     -0.01284772      0.00022400
                      M87 1858  321      7.08333349 AASM   9463.37042773  -5310.08718507     -0.00118338      0.00018904     -0.01284900      0.00018904
                      M87 1858  321      7.08333349 APAZ   4569.58248960  -6423.64456960     -0.06830441      0.00203146      0.03375496      0.00203146
                      M87 1858  321      7.08333349 APGL   3291.32407893 -10553.33135360      0.00397089      0.00154972     -0.03581526      0.00154972
                      M87 1858  321      7.08333349 APJC   9463.76159573  -5307.50002347     -0.00119872      0.00141759     -0.01283189      0.00141759
                      M87 1858  321      7.08333349 APSM   9463.75584427  -5307.68031573     -0.00119733      0.00119636     -0.01283317      0.00119636
                      M87 1858  321      7.08333349 AZJC   4894.17908907   1116.14465067     -0.03619826      0.00178871     -0.04197617      0.00178871
                      M87 1858  321      7.08333349 AZSM   4894.17337173   1115.96434560     -0.03619351      0.00150957     -0.04197457      0.00150957
                      M87 1858  321      7.08333349 GLAZ   1278.25838507   4129.68659200     -0.03334480      0.00195543     -0.06702679      0.00195543
                      M87 1858  321      7.08333349 GLJC   6172.43745280   5245.83128747     -0.06151867      0.00136453      0.01558838      0.00136453
                      M87 1858  321      7.08333349 GLSM   6172.43166720   5245.65097813     -0.06152163      0.00115159      0.01558709      0.00115159
                      M87 1858  321      7.08333349 JCSM     -0.00571004     -0.18027384      0.64702755      0.00105340     -0.00001323      0.00105340
                      M87 1858  321      7.41666627 AAAP     -0.49336818     -2.41505006      0.64702153      0.00025439      0.00015959      0.00025439
                      M87 1858  321      7.41666627 AAAZ   4461.53344853  -6341.80227413     -0.06960321      0.00032100      0.03686552      0.00032100
                      M87 1858  321      7.41666627 AAGL   3612.74343680 -10491.40633600      0.00400338      0.00024487     -0.03493780      0.00024487
                      M87 1858  321      7.41666627 AAJC   9467.82361600  -5133.38877440     -0.00258155      0.00022400     -0.01154343      0.00022400
                      M87 1858  321      7.41666627 AASM   9467.82592000  -5133.56907520     -0.00258001      0.00018904     -0.01154484      0.00018904
                      M87 1858  321      7.41666627 APAZ   4462.02677760  -6339.38728960     -0.06959100      0.00203146      0.03691597      0.00203146
                      M87 1858  321      7.41666627 APGL   3613.23672320 -10488.99121493      0.00394235      0.00154972     -0.03493364      0.00154972
                      M87 1858  321      7.41666627 APJC   9468.31704747  -5130.97375573     -0.00259402      0.00141759     -0.01152700      0.00141759
                      M87 1858  321      7.41666627 APSM   9468.31923200  -5131.15409067     -0.00259248      0.00119636     -0.01152840      0.00119636
                      M87 1858  321      7.41666627 AZJC   5006.29021013   1208.41349973     -0.04224210      0.00178871     -0.04130690      0.00178871
                      M87 1858  321      7.41666627 AZSM   5006.29248853   1208.23318613     -0.04223781      0.00150957     -0.04130559      0.00150957
                      M87 1858  321      7.41666627 GLAZ    848.78996480   4149.60396373     -0.02667429      0.00195543     -0.06655809      0.00195543
                      M87 1858  321      7.41666627 GLJC   5855.08014933   5358.01746773     -0.06604746      0.00136453      0.01200998      0.00136453
                      M87 1858  321      7.41666627 GLSM   5855.08229120   5357.83715840     -0.06605028      0.00115159      0.01200863      0.00115159
                      M87 1858  321      7.41666627 JCSM      0.00221913     -0.18030751      0.64702755      0.00105340     -0.00001964      0.00105340
                      M87 1858  321      7.74999976 AAAP     -0.59754031     -2.42518374      0.64702148      0.00025439      0.00024275      0.00025439
                      M87 1858  321      7.74999976 AAAZ   4319.71617707  -6259.87077120     -0.07097450      0.00032100      0.04031310      0.00032100
                      M87 1858  321      7.74999976 AAGL   3906.88398507 -10421.32553387      0.00388655      0.00024487     -0.03388719      0.00024487
                      M87 1858  321      7.74999976 AAJC   9399.81061120  -4957.44628907     -0.00519250      0.00022400     -0.00978005      0.00022400
                      M87 1858  321      7.74999976 AASM   9399.82069760  -4957.62641920     -0.00519076      0.00018904     -0.00978162      0.00018904
                      M87 1858  321      7.74999976 APAZ   4320.31374933  -6257.44565760     -0.07095680      0.00203146      0.04036267      0.00203146
                      M87 1858  321      7.74999976 APGL   3907.48146347 -10418.90032640      0.00382867      0.00154972     -0.03387998      0.00154972
                      M87 1858  321      7.74999976 APJC   9400.40828587  -4955.02102187     -0.00520366      0.00141759     -0.00976294      0.00141759
                      M87 1858  321      7.74999976 APSM   9400.41840640  -4955.20123733     -0.00520192      0.00119636     -0.00976452      0.00119636
                      M87 1858  321      7.74999976 AZJC   5080.09437867   1302.42466987     -0.04670066      0.00178871     -0.04087415      0.00178871
                      M87 1858  321      7.74999976 AZSM   5080.10450773   1302.24448640     -0.04669676      0.00150957     -0.04087297      0.00150957
                      M87 1858  321      7.74999976 GLAZ    412.83220480   4161.45449387     -0.02463308      0.00195543     -0.06734564      0.00195543
                      M87 1858  321      7.74999976 GLJC   5492.92653227   5463.87918507     -0.07083484      0.00136453      0.00757699      0.00136453
                      M87 1858  321      7.74999976 GLSM   5492.93668693   5463.69898667     -0.07083732      0.00115159      0.00757582      0.00115159
                      M87 1858  321      7.74999976 JCSM      0.01013101     -0.18019349      0.64702755      0.00105340     -0.00002602      0.00105340
                      M87 1858  321      8.08333325 AAAP     -0.69714490     -2.43721830      0.64702134      0.00025439      0.00032203      0.00025439
                      M87 1858  321      8.08333325 AAAZ   4144.83061333  -6180.88424107     -0.07268033      0.00032100      0.04403527      0.00032100
                      M87 1858  321      8.08333325 AAGL   4171.10944427 -10346.03195733      0.00385938      0.00024487     -0.03274437      0.00024487
                      M87 1858  321      8.08333325 AAJC   9259.85752747  -4783.42547627     -0.00921305      0.00022400     -0.00737680      0.00022400
                      M87 1858  321      8.08333325 AASM   9259.87551573  -4783.60551253     -0.00921107      0.00018904     -0.00737854      0.00018904
                      M87 1858  321      8.08333325 APAZ   4145.52775253  -6178.44704427     -0.07265689      0.00203146      0.04408241      0.00203146
                      M87 1858  321      8.08333325 APGL   4171.80659627 -10343.59464960      0.00380594      0.00154972     -0.03273598      0.00154972
                      M87 1858  321      8.08333325 APJC   9260.55458133  -4780.98834773     -0.00922282      0.00141759     -0.00735946      0.00141759
                      M87 1858  321      8.08333325 APSM   9260.57268907  -4781.16823040     -0.00922084      0.00119636     -0.00736120      0.00119636
                      M87 1858  321      8.08333325 AZJC   5115.02685867   1397.45876907     -0.04987832      0.00178871     -0.04083717      0.00178871
                      M87 1858  321      8.08333325 AZSM   5115.04482987   1397.27882453     -0.04987467      0.00150957     -0.04083606      0.00150957
                      M87 1858  321      8.08333325 GLAZ    -26.27883223   4165.14752000     -0.02506097      0.00195543     -0.07190712      0.00195543
                      M87 1858  321      8.08333325 GLJC   5088.74804053   5562.60623360     -0.07611767      0.00136453      0.00241976      0.00136453
                      M87 1858  321      8.08333325 GLSM   5088.76597760   5562.42638507     -0.07612019      0.00115159      0.00241864      0.00115159
                      M87 1858  321      8.08333325 JCSM      0.01796506     -0.17993265      0.64702755      0.00105340     -0.00003232      0.00105340
                      M87 1858  321      8.41666675 AAAP     -0.79141979     -2.45106164      0.64702114      0.00025439      0.00039682      0.00025439
                      M87 1858  321      8.41666675 AAAZ   3938.21499733  -6105.44691200     -0.07455940      0.00032100      0.04748948      0.00032100
                      M87 1858  321      8.41666675 AAGL   4403.39800747 -10266.10193067      0.00372025      0.00024487     -0.03182187      0.00024487
                      M87 1858  321      8.41666675 AAJC   9049.03540053  -4612.65846613     -0.01456921      0.00022400     -0.00430023      0.00022400
                      M87 1858  321      8.41666675 AASM   9049.06096640  -4612.83798187     -0.01456717      0.00018904     -0.00430218      0.00018904
                      M87 1858  321      8.41666675 APAZ   3939.00645973  -6102.99589120     -0.07452902      0.00203146      0.04753432      0.00203146
                      M87 1858  321      8.41666675 APGL   4404.18938027 -10263.65078187      0.00366887      0.00154972     -0.03181247      0.00154972
                      M87 1858  321      8.41666675 APJC   9049.82678187  -4610.20747093     -0.01457672      0.00141759     -0.00428271      0.00141759
                      M87 1858  321      8.41666675 APSM   9049.85239893  -4610.38691840     -0.01457468      0.00119636     -0.00428467      0.00119636
                      M87 1858  321      8.41666675 AZJC   5110.82024960   1492.78850560     -0.05196943      0.00178871     -0.04130549      0.00178871
                      M87 1858  321      8.41666675 AZSM   5110.84596053   1492.60901547     -0.05196594      0.00150957     -0.04130438      0.00150957
                      M87 1858  321      8.41666675 GLAZ   -465.18293067   4160.65477973     -0.02176593      0.00195543     -0.07718491      0.00195543
                      M87 1858  321      8.41666675 GLJC   4645.63728213   5653.44331093     -0.08241380      0.00136453     -0.00350622      0.00136453
                      M87 1858  321      8.41666675 GLSM   4645.66295040   5653.26384640     -0.08241643      0.00115159     -0.00350743      0.00115159
                      M87 1858  321      8.41666675 JCSM      0.02566133     -0.17952700      0.64702755      0.00105340     -0.00003850      0.00105340
                      M87 1858  321      8.75000024 AAAP     -0.87964352     -2.46660783      0.64702087      0.00025439      0.00046656      0.00025439
                      M87 1858  321      8.75000024 AAAZ   3701.45041493  -6034.13608960     -0.07641038      0.00032100      0.05054603      0.00032100
                      M87 1858  321      8.75000024 AAGL   4601.97196800 -10182.14698667      0.00330220      0.00024487     -0.03094088      0.00024487
                      M87 1858  321      8.75000024 AAJC   8768.95728640  -4446.45170347     -0.02112863      0.00022400     -0.00005035      0.00022400
                      M87 1858  321      8.75000024 AASM   8768.99037867  -4446.63064747     -0.02112647      0.00018904     -0.00005254      0.00018904
                      M87 1858  321      8.75000024 APAZ   3702.33009067  -6031.66947840     -0.07637235      0.00203146      0.05058873      0.00203146
                      M87 1858  321      8.75000024 APGL   4602.85158400 -10179.68037547      0.00325264      0.00154972     -0.03092907      0.00154972
                      M87 1858  321      8.75000024 APJC   8769.83702187  -4443.98505813     -0.02113412      0.00141759     -0.00003300      0.00141759
                      M87 1858  321      8.75000024 APSM   8769.87009707  -4444.16408747     -0.02113197      0.00119636     -0.00003520      0.00119636
                      M87 1858  321      8.75000024 AZJC   5067.50679040   1587.68448000     -0.05309863      0.00178871     -0.04236198      0.00178871
                      M87 1858  321      8.75000024 AZSM   5067.53995947   1587.50550400     -0.05309528      0.00150957     -0.04236089      0.00150957
                      M87 1858  321      8.75000024 GLAZ   -900.52146880   4148.01060693     -0.01532939      0.00195543     -0.07846778      0.00195543
                      M87 1858  321      8.75000024 GLJC   4166.98526720   5735.69504427     -0.08825622      0.00136453     -0.00889389      0.00136453
                      M87 1858  321      8.75000024 GLSM   4167.01840213   5735.51618560     -0.08825847      0.00115159     -0.00889545      0.00115159
                      M87 1858  321      8.75000024 JCSM      0.03316093     -0.17897963      0.64702755      0.00105340     -0.00004451      0.00105340
                      M87 1858  321      9.08333373 AAAP     -0.96114101     -2.48373797      0.64702057      0.00025439      0.00053071      0.00025439
                      M87 1858  321      9.08333373 AAAZ   3436.34865493  -5967.49754880     -0.07809342      0.00032100      0.05332578      0.00032100
                      M87 1858  321      9.08333373 AAGL   4765.31182080 -10094.80948053      0.00267500      0.00024487     -0.03004442      0.00024487
                      M87 1858  321      9.08333373 AAJC   8421.76655360  -4286.07709867     -0.02843166      0.00022400      0.00527002      0.00022400
                      M87 1858  321      9.08333373 AASM   8421.80691627  -4286.25540693     -0.02842966      0.00018904      0.00526771      0.00018904
                      M87 1858  321      9.08333373 APAZ   3437.30984107  -5965.01378560     -0.07804601      0.00203146      0.05336655      0.00203146
                      M87 1858  321      9.08333373 APGL   4766.27291307 -10092.32563200      0.00262751      0.00154972     -0.03003021      0.00154972
                      M87 1858  321      9.08333373 APJC   8422.72773973  -4283.59334400     -0.02843474      0.00141759      0.00528539      0.00141759
                      M87 1858  321      9.08333373 APSM   8422.76800853  -4283.77166080     -0.02843275      0.00119636      0.00528308      0.00119636
                      M87 1858  321      9.08333373 AZJC   4985.41790720   1681.42044160     -0.05329732      0.00178871     -0.04398629      0.00178871
                      M87 1858  321      9.08333373 AZSM   4985.45830400   1681.24214613     -0.05329396      0.00150957     -0.04398527      0.00150957
                      M87 1858  321      9.08333373 GLAZ  -1328.96309973   4127.31191893     -0.01016378      0.00195543     -0.07509499      0.00195543
                      M87 1858  321      9.08333373 GLJC   3656.45476267   5808.73242453     -0.09417908      0.00136453     -0.01344684      0.00136453
                      M87 1858  321      9.08333373 GLSM   3656.49517653   5808.55404373     -0.09418080      0.00115159     -0.01344905      0.00115159
                      M87 1858  321      9.08333373 JCSM      0.04040647     -0.17829473      0.64702755      0.00105340     -0.00005029      0.00105340
                      M87 1858  321      9.41666651 AZJC   4865.18177280   1773.27910827     -0.05257392      0.00178871     -0.04620842      0.00178871
                      M87 1858  321      9.41666651 AZSM   4865.22909867   1773.10164693     -0.05257055      0.00150957     -0.04620724      0.00150957
                      M87 1858  321      9.41666651 GLAZ  -1747.22923093   4098.71695787     -0.00877768      0.00195543     -0.06869929      0.00195543
                      M87 1858  321      9.41666651 GLJC   3117.95252907   5871.99617707     -0.09897997      0.00136453     -0.02017511      0.00136453
                      M87 1858  321      9.41666651 GLSM   3117.99985920   5871.81853867     -0.09898111      0.00115159     -0.02017772      0.00115159
                      M87 1858  321      9.41666651 JCSM      0.04734250     -0.17747754      0.64702755      0.00105340     -0.00005581      0.00105340
                      M87 1858  321      9.75000000 AZJC   4707.71857920   1862.55757013     -0.05059613      0.00178871     -0.04887816      0.00178871
                      M87 1858  321      9.75000000 AZSM   4707.77245013   1862.38103253     -0.05059284      0.00150957     -0.04887720      0.00150957
                      M87 1858  321      9.75000000 GLAZ  -2152.11922560   4062.44455253     -0.01064332      0.00195543     -0.06349357      0.00195543
                      M87 1858  321      9.75000000 GLJC   2555.59933867   5925.00206080     -0.10103451      0.00136453     -0.02694986      0.00136453
                      M87 1858  321      9.75000000 GLSM   2555.65320960   5924.82558293     -0.10103522      0.00115159     -0.02695274      0.00115159
                      M87 1858  321      9.75000000 JCSM      0.05391594     -0.17653431      0.64702755      0.00105340     -0.00006103      0.00105340
                      M87 1858  321     10.08333349 AZJC   4514.23312213   1948.57264213     -0.04797322      0.00178871     -0.05159461      0.00178871
                      M87 1858  321     10.08333349 AZSM   4514.29317973   1948.39718613     -0.04796921      0.00150957     -0.05159341      0.00150957
                      M87 1858  321     10.08333349 GLAZ  -2540.53468587   4018.77224107     -0.01249314      0.00195543     -0.05855091      0.00195543
                      M87 1858  321     10.08333349 GLJC   1973.69838293   5967.34487040     -0.10247127      0.00136453     -0.03439691      0.00136453
                      M87 1858  321     10.08333349 GLSM   1973.75847467   5967.16943360     -0.10247087      0.00115159     -0.03440056      0.00115159
                      M87 1858  321     10.08333349 JCSM      0.06007651     -0.17547227      0.64702755      0.00105340     -0.00006590      0.00105340
                      M87 1858  321     10.41666627 AZJC   4286.20607573   2030.66608427     -0.04397339      0.00178871     -0.05618229      0.00178871
                      M87 1858  321     10.41666627 AZSM   4286.27174827   2030.49179093     -0.04396998      0.00150957     -0.05618044      0.00150957
                      M87 1858  321     10.41666627 GLAZ  -2909.50327893   3968.03431680     -0.01532752      0.00195543     -0.05341502      0.00195543
                      M87 1858  321     10.41666627 GLJC   1376.70268373   5998.70050987     -0.10196290      0.00136453     -0.04090911      0.00136453
                      M87 1858  321     10.41666627 GLSM   1376.76849067   5998.52604587     -0.10196120      0.00115159     -0.04091207      0.00115159
                      M87 1858  321     10.41666627 JCSM      0.06577704     -0.17429955      0.64702749      0.00105340     -0.00007039      0.00105340
                      M87 1858  321     10.74999976 AZJC   4025.38224213   2108.20971520     -0.03691116      0.00178871     -0.06129372      0.00178871
                      M87 1858  321     10.74999976 AZSM   4025.45330347   2108.03665707     -0.03690767      0.00150957     -0.06129169      0.00150957
                      M87 1858  321     10.74999976 GLAZ  -3256.20166400   3910.61903360     -0.01878419      0.00195543     -0.04893412      0.00195543
                      M87 1858  321     10.74999976 GLJC    769.18061760   6018.82861227     -0.10090159      0.00136453     -0.04530309      0.00136453
                      M87 1858  321     10.74999976 GLSM    769.25159253   6018.65576960     -0.10090007      0.00115159     -0.04530592      0.00115159
                      M87 1858  321     10.74999976 JCSM      0.07097393     -0.17302510      0.64702749      0.00105340     -0.00007447      0.00105340
                      M87 1858  321     11.08333325 AZJC   3733.75783680   2180.61019733     -0.02612470      0.00178871     -0.06609359      0.00178871
                      M87 1858  321     11.08333325 AZSM   3733.83347200   2180.43851520     -0.02612128      0.00150957     -0.06609228      0.00150957
                      M87 1858  321     11.08333325 JCSM      0.07562739     -0.17165870      0.64702749      0.00105340     -0.00007809      0.00105340
                      M87 1858  321     11.41666675 AZJC   3413.56424960   2247.31337387     -0.01387410      0.00178871     -0.07111861      0.00178871
                      M87 1858  321     11.41666675 AZSM   3413.64400640   2247.14315093     -0.01386992      0.00150957     -0.07111621      0.00150957
                      M87 1858  321     11.41666675 JCSM      0.07970183     -0.17021078      0.64702749      0.00105340     -0.00008124      0.00105340
                      M87 1858  321     11.75000024 AZJC   3067.25174613   2307.80891733      0.00469144      0.00178871     -0.07665984      0.00178871
                      M87 1858  321     11.75000024 AZSM   3067.33489920   2307.64017067      0.00469575      0.00150957     -0.07665818      0.00150957
                      M87 1858  321     11.75000024 JCSM      0.08316606     -0.16869244      0.64702749      0.00105340     -0.00008389      0.00105340
                      M87 1858  321     12.08333373 AZJC   2697.47036160   2361.63378347      0.02493867      0.00178871     -0.07875569      0.00178871
                      M87 1858  321     12.08333373 AZSM   2697.55634773   2361.46668373      0.02494422      0.00150957     -0.07875330      0.00150957
                      M87 1858  321     12.08333373 JCSM      0.08599358     -0.16711530      0.64702749      0.00105340     -0.00008602      0.00105340
                      M87 1858  321     12.41666651 AZJC   2307.04987307   2408.37621760      0.04523528      0.00178871     -0.07838743      0.00178871
                      M87 1858  321     12.41666651 AZSM   2307.13798400   2408.21074347      0.04524396      0.00150957     -0.07838696      0.00150957
                      M87 1858  321     12.41666651 JCSM      0.08816274     -0.16549141      0.64702749      0.00105340     -0.00008761      0.00105340
                      M87 1858  321     12.75000000 AZJC   1898.97774720   2447.67852373      0.06301592      0.00178871     -0.08411796      0.00178871
                      M87 1858  321     12.75000000 AZSM   1899.06740693   2447.51465387      0.06302335      0.00150957     -0.08411717      0.00150957
                      M87 1858  321     12.75000000 JCSM      0.08965695     -0.16383321      0.64702749      0.00105340     -0.00008865      0.00105340
                      M87 1858  321     13.08333349 JCSM      0.09046477     -0.16215339      0.64702749      0.00105340     -0.00008914      0.00105340
                      M87 1858  321     13.41666627 JCSM      0.09058002     -0.16046480      0.64702749      0.00105340     -0.00008906      0.00105340
                      M87 1858  321     13.74999976 JCSM      0.09000183     -0.15878036      0.64702749      0.00105340     -0.00008843      0.00105340
                      M87 1858  321     14.08333325 JCSM      0.08873461     -0.15711297      0.64702749      0.00105340     -0.00008724      0.00105340
                      M87 1858  321     14.41666675 JCSM      0.08678805     -0.15547537      0.64702749      0.00105340     -0.00008551      0.00105340
                      M87 1858  321     14.75000024 JCSM      0.08417707     -0.15388011      0.64702749      0.00105340     -0.00008324      0.00105340
                      M87 1858  321     15.08333373 JCSM      0.08092164     -0.15233939      0.64702749      0.00105340     -0.00008046      0.00105340
                      M87 1858  321     15.41666651 JCSM      0.07704666     -0.15086500      0.64702754      0.00105340     -0.00007718      0.00105340
                      M87 1858  321     15.72916675 JCSM      0.07288005     -0.14955264      0.64702755      0.00121637     -0.00007368      0.00121637
                      M87 1858  321     18.41666651 PVPB   -775.75814507   -548.36651733      0.40298253      0.00021666      0.07733204      0.00021666
                      M87 1858  321     18.75000000 PVPB   -840.80557867   -563.41910187      0.39017318      0.00021666      0.08034934      0.00021666
                      M87 1858  321     19.08333349 PVPB   -899.42028907   -579.62609493      0.37762442      0.00021666      0.08109399      0.00021666
                      M87 1858  321     19.41666627 PVPB   -951.15369280   -596.86349120      0.36653111      0.00021666      0.08074316      0.00021666
                      M87 1858  321     19.75000048 PVPB   -995.60992427   -614.99938347      0.35717101      0.00021666      0.08012407      0.00021666
                      M87 1858  321     20.08333325 PVPB  -1032.44878827   -633.89497173      0.34924196      0.00021666      0.07969014      0.00021666
                      M87 1858  321     20.41666675 PVPB  -1061.38840427   -653.40568533      0.34260443      0.00021666      0.07962220      0.00021666
                      M87 1858  321     20.74999952 PVPB  -1082.20730027   -673.38219413      0.33720552      0.00021666      0.07985257      0.00021666
                      M87 1858  321     21.08333373 PVPB  -1094.74613333   -693.67166613      0.33301895      0.00021666      0.08031711      0.00021666
                      M87 1858  321     21.41666651 PVPB  -1098.90899200   -714.11880747      0.33002020      0.00021666      0.08098735      0.00021666
                      M87 1858  321     21.75000000 PVPB  -1094.66402347   -734.56717333      0.32815846      0.00021666      0.08184955      0.00021666
                      M87 1858  321     22.08333349 GLPB    109.33488047   3010.98949547      0.07102699      0.00043092     -0.09582501      0.00043092
                      M87 1858  321     22.08333349 PVGL  -1191.37856640  -3765.84971520     -0.01067634      0.00074999      0.07152928      0.00074999
                      M87 1858  321     22.08333349 PVPB  -1082.04367787   -754.86026773      0.32735533      0.00021666      0.08291702      0.00021666
                      M87 1858  321     22.41666627 GLPB   -332.84036880   3009.00107093      0.07771766      0.00043092     -0.08898107      0.00043092
                      M87 1858  321     22.41666627 PVGL   -728.30418347  -3783.84389547     -0.00614889      0.00074999      0.07080214      0.00074999
                      M87 1858  321     22.41666627 PVPB  -1061.14456000   -774.84281387      0.32754795      0.00021666      0.08424767      0.00021666
                      M87 1858  321     22.75000048 GLPB   -772.46496107   2998.79099307      0.07700190      0.00043092     -0.08030188      0.00043092
                      M87 1858  321     22.75000048 PVGL   -259.66161973  -3793.15293867     -0.00452036      0.00074999      0.07617718      0.00074999
                      M87 1858  321     22.75000048 PVPB  -1032.12658560   -794.36190613      0.32877740      0.00021666      0.08593759      0.00021666
                      M87 1858  321     23.08333325 GLPB  -1206.17478613   2980.43750400      0.06873735      0.00043092     -0.07360160      0.00043092
                      M87 1858  321     23.08333325 PVGL    210.96295760  -3793.70564267      0.00186408      0.00074999      0.08231030      0.00074999
                      M87 1858  321     23.08333325 PVPB   -995.21183253   -813.26817493      0.33124064      0.00021666      0.08800715      0.00021666
                      M87 1858  321     23.41666675 GLPB  -1630.65091200   2954.08098987      0.05867794      0.00043092     -0.07005479      0.00043092
                      M87 1858  321     23.41666675 PVGL    679.96818347  -3785.49790720      0.00951649      0.00074999      0.08147415      0.00074999
                      M87 1858  321     23.41666675 PVPB   -950.68273387   -831.41693013      0.33511141      0.00021666      0.09009482      0.00021666
                      M87 1858  321     23.74999952 AAAP      1.30811049     -2.68476049      0.64700624      0.00025439     -0.00132240      0.00025439
                      M87 1858  321     23.74999952 AAGL  -4702.78476800 -10131.33904213      0.01182532      0.00024487     -0.03958375      0.00024487
                      M87 1858  321     23.74999952 AAPB  -6745.42983680  -7211.41583360     -0.01168666      0.00007074     -0.03464271      0.00007074
                      M87 1858  321     23.74999952 AAPV  -5846.54981973  -6362.74647040     -0.04726560      0.00012312     -0.01926621      0.00012312
                      M87 1858  321     23.74999952 APGL  -4704.09298773 -10128.65425067      0.01178632      0.00154972     -0.03958130      0.00154972
                      M87 1858  321     23.74999952 APPB  -6746.73806507  -7208.73112747     -0.01171160      0.00044768     -0.03462616      0.00044768
                      M87 1858  321     23.74999952 APPV  -5847.85805653  -6360.06190933     -0.04729833      0.00077916     -0.01926243      0.00077916
                      M87 1858  321     23.74999952 GLPB  -2042.64513493   2919.92308907      0.05085091      0.00043092     -0.06412573      0.00043092
                      M87 1858  321     23.74999952 PVGL   1143.76508160  -3768.59237120      0.01343811      0.00074999      0.07440716      0.00074999
                      M87 1858  321     23.74999952 PVPB   -898.88007573   -848.66929173      0.34035867      0.00021666      0.09139156      0.00021666
