#NAME X                Y               Z               SEFD86   SEFD230  SEFD345  SEFD480  SEFD690	$C0	$C1	$A1
AA    2225061.164     -5440057.37     -2481681.15      56     	56	 155	  155	   155		0	0	1.058
AP    2225039.53      -5441197.63     -2479303.36      2314   	2314	 6208	  6208	   6208		0	0	1.058
AZ   -1828796.200     -5054406.800     3427865.200     3684   	3684	 9884	  9884	   9884		0	0	1.058
GL    541647.0        -1388536.0       6180829.0       2144   	2144	 5752	  5752	   5752		0	0	1.058
JC   -5464584.68      -2493001.17      2150653.98      1794   	1794	 4813	  4813	   4813		0	0	1.058
KP   -1994314.0       -5037909.0       3357619.0       2144   	2144	 5752	  5752	   5752		0	0	1.058
LM   -768713.9637     -5988541.7982    2063275.9472    270    	270	 724	  724	   724		0	0	1.058
PB    4523998.40       468045.240      4460309.760     179    	179	 480	  480	   480		0	0	1.058
PV    5088967.9000    -301681.6000     3825015.8000    542      542	 1454	  1454	   1454	 	0	0	1.058
SM   -5464523.400     -2493147.080     2150611.750     1278   	1278	 3428	  3428	   3428		0	0	1.058
SP    0.01             0.01           -6359609.7       3387   	3387	 9087	  9087	   9087		0	0	1.058
BA   -2352576.0       -4940331.0       3271508.0       8578   	8578	 23014	  23014	   23014	3.55	0.092	1.058
BR   -2363000.0       -4445000.0       3907000.0       8578   	8578	 23014	  23014	   23014	3.55	0.092	0.782
CI    5311000.0       -1725000.0       3075000.0       8578   	8578	 23014	  23014	   23014	7.30	0.092	0.782
GB    5627890.0        1637767.0      -2512493.0       1990   	1990	 5339	  5339	   5339		0.35	0	0.691
OV   -2409598.0       -4478348.0       3838607.0       8578   	8578	 23014	  23014	   23014	0.35	0	1.058
SG    1832000.0       -5034000.0      -3455000.0       8578   	8578	 23014	  23014	   23014	3.55	0.092	0.782
