#NAME X                Y               Z               SEFD86   SEFD230  SEFD345  SEFD480  SEFD690	$C0	$C1	$A1
AA    2225061.164     -5440057.37     -2481681.15      40      	90       250      470      3580		0	0	1.058
AP    2225039.53      -5441197.63     -2479303.36      1790    	3280     8880     15920    101850	0	0	1.058
AZ   -1828796.200     -5054406.800     3427865.200     2850    	5530     17190    35640    444210	0	0	1.058
GL    541647.0        -1388536.0       6180829.0       2420    	4350     14390    33560    677540	0	0	1.058
JC   -5464584.68      -2493001.17      2150653.98      1190    	2120     5780     10400    70420	0	0	1.058
KP   -1994314.0       -5037909.0       3357619.0       2340    	7430     44970    170960   56758420	0	0	1.058
LM   -768713.9637     -5988541.7982    2063275.9472    110     	350      2040     6640     1086730	0	0	1.058
PB    4523998.40       468045.240      4460309.760     110     	300      1410     4260     409570	0	0	1.058
PV    5088967.9000    -301681.6000     3825015.8000    330     	850      3850     10890    741880	0	0	1.058
SM   -5464523.400     -2493147.080     2150611.750     1230    	2160     5730     10100    60990	0	0	1.058
SP    0.01             0.01           -6359609.7       7510    	11330    25440    39310    125560	0	0	1.058
BA   -2352576.0       -4940331.0       3271508.0       8120    	16930    58500    132050   2596350	3.55	0.092	1.058
BR   -2363000.0       -4445000.0       3907000.0       7700    	15770    52160    111600   1818250	3.55	0.092	0.782
CI    5311000.0       -1725000.0       3075000.0       8540    	19410    76110    194190   6978350	7.30	0.092	0.782
CT    1569000.0       -4559000.0      -4163000.0       9460    	29580    167890   652160   270743410	3.55	0.092	0.782
GR    1538000.0       -2462000.0      -5659000.0       15330   	71080    736630   7025130  5.439542e11	7.30	0.092	1.517
GB    5627890.0        1637767.0      -2512493.0       2060    	14270    264200   4640410  1.010677e13	0.35	0	0.691
HA    1521000.0       -4417000.0       4327000.0       340     	2740     66530    1043510  1.315192e12	0.35	0	1.058
NZ   -4540000.0         719000.0      -4409000.0       9750    	32040    191080   792650   478734450	7.30	0.092	1.058
OV   -2409598.0       -4478348.0       3838607.0       3920    	15100    118890   737760   4587368350	0.35	0	1.058
SG    1832000.0       -5034000.0      -3455000.0       7880    	17570    63760    149360   3579080	3.55	0.092	0.782
